
Dijkstra's Algorithm (Source: 4)
4 -> 0 : 2
4 -> 1 : 1
4 -> 2 : 3
4 -> 3 : 3
4 -> 4 : 0
4 -> 5 : 2
4 -> 6 : 2
4 -> 7 : 2
4 -> 8 : 2
4 -> 9 : 2
4 -> 10 : 1
4 -> 11 : 2
4 -> 12 : 2
4 -> 13 : 3
4 -> 14 : 2
4 -> 15 : 2
4 -> 16 : 2
4 -> 17 : 2
4 -> 18 : 2
4 -> 19 : 3
4 -> 20 : 3
4 -> 21 : 1
4 -> 22 : 3
4 -> 23 : 2
4 -> 24 : 2
4 -> 25 : 2
4 -> 26 : 3
4 -> 27 : 2
4 -> 28 : 2
4 -> 29 : 3
4 -> 30 : 1
4 -> 31 : 2
4 -> 32 : 3
4 -> 33 : 3
4 -> 34 : 2
4 -> 35 : 2
4 -> 36 : 1
4 -> 37 : 2
4 -> 38 : 3
4 -> 39 : 1
4 -> 40 : 3
4 -> 41 : 2
4 -> 42 : 2
4 -> 43 : 2
4 -> 44 : 2
4 -> 45 : 2
4 -> 46 : 2
4 -> 47 : 2
4 -> 48 : 3
4 -> 49 : 2
Execution Time: 0.000000 seconds


Bellman-Ford Algorithm (Source: 7)
7 -> 0 : 3
7 -> 1 : 2
7 -> 2 : 3
7 -> 3 : 3
7 -> 4 : 2
7 -> 5 : 2
7 -> 6 : 1
7 -> 7 : 0
7 -> 8 : 2
7 -> 9 : 2
7 -> 10 : 1
7 -> 11 : 2
7 -> 12 : 1
7 -> 13 : 2
7 -> 14 : 2
7 -> 15 : 3
7 -> 16 : 1
7 -> 17 : 2
7 -> 18 : 1
7 -> 19 : 2
7 -> 20 : 2
7 -> 21 : 1
7 -> 22 : 2
7 -> 23 : 2
7 -> 24 : 3
7 -> 25 : 2
7 -> 26 : 2
7 -> 27 : 2
7 -> 28 : 2
7 -> 29 : 2
7 -> 30 : 2
7 -> 31 : 3
7 -> 32 : 3
7 -> 33 : 3
7 -> 34 : 2
7 -> 35 : 2
7 -> 36 : 1
7 -> 37 : 2
7 -> 38 : 3
7 -> 39 : 2
7 -> 40 : 1
7 -> 41 : 2
7 -> 42 : 2
7 -> 43 : 2
7 -> 44 : 2
7 -> 45 : 3
7 -> 46 : 2
7 -> 47 : 2
7 -> 48 : 3
7 -> 49 : 3
Execution Time: 0.001000 seconds


Floyd-Warshall Algorithm (All-Pairs)
0 2 3 2 2 2 1 2 2 2 2 2 2 2 1 1 2 1 2 2 1 1 2 2 2 1 2 2 2 2 2 1 2 2 2 2 2 2 2 2 2 1 2 1 2 2 2 2 1 2 
2 0 2 2 2 2 2 2 2 2 2 2 2 2 3 2 2 2 2 3 2 2 2 1 1 3 2 3 2 2 2 1 2 2 1 2 2 2 2 2 2 2 1 1 1 1 2 2 3 2 
2 2 0 1 3 2 3 2 1 2 2 3 2 1 2 2 2 2 2 1 2 2 2 2 2 3 1 2 2 2 2 2 2 2 1 2 2 2 2 2 2 1 2 2 2 1 2 1 2 1 
2 2 2 0 2 3 2 2 2 3 2 2 2 2 2 2 2 3 3 3 3 1 3 1 2 2 3 2 2 3 2 2 3 3 2 3 2 2 3 1 1 2 2 2 1 3 2 3 3 3 
2 1 3 3 0 2 2 2 2 2 1 2 2 3 2 2 2 2 2 3 3 1 3 2 2 2 3 2 2 3 1 2 3 3 2 2 1 2 3 1 3 2 2 2 2 2 2 2 3 2 
2 2 2 2 2 0 3 2 3 2 2 1 1 2 2 3 2 3 2 2 2 2 2 3 2 2 2 2 2 2 2 3 2 2 2 2 3 1 2 3 2 2 2 2 3 3 1 1 2 1 
2 1 2 2 2 2 0 2 2 2 2 1 2 1 2 2 1 1 1 2 1 2 2 2 2 3 1 3 2 1 2 2 2 2 2 2 1 2 2 2 2 2 2 2 2 2 1 1 2 2 
3 2 3 3 2 2 1 0 2 2 1 2 1 2 2 3 1 2 1 2 2 1 2 2 3 2 2 2 2 2 2 3 3 3 2 2 1 2 3 2 1 2 2 2 2 3 2 2 3 3 
3 2 1 2 3 2 3 2 0 1 2 2 2 2 3 2 1 1 3 1 2 3 2 3 2 3 2 3 2 3 1 2 1 2 2 2 2 3 2 2 2 2 2 2 3 2 2 2 1 2 
3 2 1 2 2 3 2 2 1 0 1 2 2 1 2 2 1 2 2 1 1 2 2 3 2 3 2 2 2 2 2 2 1 2 2 2 2 2 2 3 1 2 2 2 2 2 2 2 2 2 
3 2 2 2 1 2 3 3 1 1 0 3 2 2 1 3 1 1 2 2 2 2 2 3 2 2 2 3 1 2 2 3 2 3 2 2 2 2 2 2 2 1 3 3 2 2 2 2 2 2 
2 2 2 2 3 3 2 1 2 2 2 0 2 1 2 2 1 3 2 3 2 1 2 3 3 2 1 2 2 2 2 3 2 2 2 2 2 2 1 2 2 1 3 2 2 2 1 3 3 2 
2 2 2 2 1 2 2 2 2 2 2 1 0 1 1 2 2 2 2 1 2 1 2 3 3 1 2 2 2 3 1 3 2 2 1 2 2 2 2 2 2 2 2 1 2 2 2 2 3 2 
2 2 2 1 2 3 3 2 1 2 3 2 1 0 2 2 1 2 1 2 2 1 2 2 2 2 2 2 2 2 2 2 2 1 2 2 2 2 1 2 2 2 2 2 1 1 3 2 2 2 
2 2 2 2 1 1 2 2 2 1 2 2 2 2 0 3 2 2 2 2 2 2 2 3 2 3 2 2 1 2 2 2 2 3 3 2 2 1 2 2 1 3 2 3 3 1 1 2 3 2 
2 2 2 1 2 2 1 2 1 2 2 2 1 2 2 0 2 2 2 2 2 2 3 2 2 2 2 3 1 2 2 2 2 3 2 2 2 2 2 2 2 2 2 2 1 1 2 1 2 2 
3 2 2 2 2 3 2 2 2 1 2 2 1 2 2 2 0 3 2 2 1 2 1 3 2 2 2 3 2 2 2 2 2 3 1 3 3 2 3 2 2 1 3 2 2 2 2 3 3 2 
2 1 2 2 2 2 2 2 2 3 3 2 2 2 3 2 3 0 2 1 3 2 3 2 1 3 1 3 1 3 2 2 1 2 2 1 2 3 2 3 3 2 2 2 2 2 2 2 3 2 
2 2 2 2 2 2 2 1 1 2 2 1 2 2 2 2 2 1 0 2 3 2 3 1 2 2 2 3 1 2 2 2 2 3 2 1 2 2 2 1 1 1 2 3 3 2 2 3 2 3 
2 1 1 2 2 2 2 1 2 2 2 2 2 2 2 1 2 2 2 0 2 2 2 2 2 3 2 3 1 2 2 2 1 3 1 2 1 2 2 2 2 1 1 1 2 2 2 1 2 1 
2 2 2 2 2 2 2 2 2 1 2 2 2 2 1 1 2 3 3 2 0 1 3 2 2 3 2 2 2 1 2 1 1 2 2 2 2 2 2 3 2 2 2 3 2 2 2 2 2 1 
2 1 3 2 2 2 2 1 2 2 2 2 2 2 2 2 1 2 2 3 2 0 2 2 2 3 2 1 3 2 3 2 2 3 1 2 1 1 3 2 2 2 2 2 2 2 2 2 3 3 
2 1 2 2 1 2 2 2 2 1 2 2 2 2 3 2 2 2 2 2 2 2 0 2 2 2 2 3 1 1 2 2 2 3 1 2 2 2 3 2 2 2 2 2 2 2 1 3 2 3 
1 2 1 2 2 3 2 1 2 3 2 2 2 2 2 2 2 2 2 2 2 2 2 0 1 2 2 3 3 2 3 2 2 2 1 3 2 2 3 2 2 2 3 2 2 2 2 2 2 2 
3 2 2 2 1 2 3 2 3 2 2 1 2 2 2 3 2 1 3 2 2 2 3 2 0 3 2 2 2 2 2 2 2 1 2 2 2 2 2 2 2 2 2 2 3 1 2 1 2 1 
1 2 2 2 1 3 2 2 2 2 2 2 2 2 2 2 2 2 3 3 1 2 3 3 3 0 3 1 3 2 1 2 2 2 3 2 2 3 3 2 2 2 3 2 3 3 2 2 2 2 
1 2 3 2 3 2 2 3 2 2 3 2 2 3 2 1 2 2 3 3 2 2 2 3 2 2 0 2 2 2 1 2 2 1 2 2 3 2 2 3 2 1 2 2 2 2 1 2 2 1 
2 2 2 1 2 2 3 3 1 2 2 2 2 2 2 3 2 1 3 2 2 2 3 2 2 3 2 0 2 2 2 3 2 3 3 2 1 3 2 2 2 3 3 2 2 2 2 1 2 3 
3 2 3 1 1 1 3 2 2 2 2 2 1 1 2 3 2 2 1 2 2 2 3 2 3 2 3 3 0 3 1 2 1 2 2 2 2 2 2 2 2 2 3 2 2 2 2 2 3 2 
1 2 1 2 2 2 1 1 2 3 2 1 2 2 2 2 2 2 2 2 2 1 2 3 1 2 2 2 1 0 2 2 1 2 2 1 2 2 2 2 2 2 2 2 3 2 2 2 1 2 
3 2 3 2 2 2 2 3 2 2 3 2 1 2 2 2 1 2 2 2 2 2 2 3 3 2 2 3 2 2 0 3 2 3 2 1 3 2 2 2 2 2 2 2 3 3 1 2 3 1 
2 2 2 2 1 1 1 2 2 2 2 2 2 2 2 2 1 2 2 2 1 1 2 1 2 3 2 2 1 2 1 0 1 3 2 2 2 2 1 2 2 2 1 3 2 2 1 2 3 2 
3 2 2 2 2 2 2 2 2 2 3 2 1 2 2 2 2 2 2 1 2 2 3 2 2 2 3 3 2 2 2 1 0 2 2 1 1 3 2 2 2 1 2 2 2 2 2 2 3 2 
2 2 2 2 2 2 2 2 3 2 2 1 1 2 2 2 2 2 2 2 2 2 2 2 1 2 2 3 2 1 2 1 2 0 2 2 2 1 1 3 1 1 2 2 2 2 2 2 2 2 
2 2 2 2 2 2 2 1 2 2 2 2 2 2 2 1 2 2 1 2 3 2 1 2 3 2 1 3 2 2 2 2 1 2 0 2 2 1 3 1 1 2 2 2 2 2 1 2 3 2 
2 2 2 2 1 3 1 2 1 2 2 1 2 2 2 2 2 1 1 2 2 1 2 2 2 3 2 2 2 2 2 3 2 3 1 0 2 2 1 2 2 1 3 3 3 2 2 2 2 3 
2 2 3 2 1 1 2 2 3 2 2 1 1 2 1 2 2 1 2 2 2 2 2 2 2 2 2 3 2 2 2 2 2 3 2 2 0 2 2 1 2 2 2 2 3 2 1 1 2 2 
1 3 2 2 2 2 2 1 2 2 2 2 2 1 2 2 2 2 1 2 2 2 3 2 2 2 3 3 2 1 2 2 1 2 2 1 2 0 2 2 2 2 1 2 2 2 2 2 2 3 
3 2 3 2 2 2 3 2 3 2 2 2 1 2 1 3 1 3 2 2 2 1 2 3 3 2 3 2 1 2 2 3 2 3 2 2 2 2 0 3 2 2 3 2 3 2 2 3 2 2 
1 1 3 2 1 2 1 2 2 2 2 1 2 2 2 2 1 2 2 3 2 2 2 2 2 1 2 2 2 2 2 1 2 2 2 3 2 2 2 0 3 2 1 2 2 2 2 2 2 3 
2 2 3 2 2 2 1 2 2 2 1 1 2 1 1 3 2 2 2 3 2 2 3 3 3 3 2 3 1 2 2 3 2 2 3 2 1 1 2 2 0 2 1 2 2 2 2 2 2 3 
2 2 2 1 2 2 2 2 2 1 2 2 3 2 1 2 2 3 2 2 2 2 2 2 2 2 2 3 2 1 3 3 2 3 1 2 2 2 3 2 2 0 2 2 2 1 2 2 2 2 
2 2 2 1 2 1 2 3 1 2 2 2 1 2 2 2 2 2 3 2 3 2 2 2 2 2 2 3 2 2 1 2 2 3 2 2 1 2 2 1 2 3 0 2 1 2 1 1 2 2 
3 1 2 2 2 1 2 3 2 2 1 2 2 2 2 2 2 2 3 2 1 2 1 2 2 3 3 3 2 2 3 2 1 3 2 2 2 2 2 3 1 1 2 0 2 2 2 2 2 2 
1 2 2 2 2 2 2 2 1 2 2 1 1 1 2 1 1 2 2 2 2 2 2 2 3 2 2 3 1 3 1 1 2 2 2 2 2 3 2 3 2 2 2 1 0 2 2 2 2 2 
2 1 1 2 2 2 2 1 2 2 2 2 2 2 2 2 2 2 2 2 2 1 3 2 1 3 1 2 2 1 2 2 2 2 2 1 2 2 2 3 1 2 2 2 2 0 2 1 2 1 
2 1 2 3 2 2 2 2 2 2 3 1 2 2 3 2 2 2 2 2 2 1 1 2 2 3 1 2 2 1 2 2 1 2 2 1 2 2 2 3 3 2 2 2 2 2 0 2 2 2 
2 2 2 1 2 1 2 2 2 1 1 2 2 1 1 3 2 2 2 2 2 1 2 2 1 3 2 2 2 1 2 3 2 2 2 1 2 2 1 2 2 2 2 1 2 2 2 0 1 2 
2 2 2 2 2 2 2 2 2 2 2 2 2 2 2 2 1 2 2 2 1 2 1 3 2 2 2 3 2 2 1 2 2 1 2 1 1 2 1 1 2 2 1 2 2 1 2 1 0 1 
2 2 2 2 2 1 2 3 2 1 2 2 2 2 1 2 2 2 3 2 1 2 2 3 2 3 1 2 2 2 1 2 2 2 2 2 2 2 2 2 1 1 1 2 2 2 1 1 2 0 

Execution Time: 0.001000 seconds


Performance Comparison (Source vertex: 23)
Algorithm         Execution Time (seconds)
-----------------------------------------
Dijkstra          0.000000
Bellman-Ford      0.001000
Floyd-Warshall    0.001000

