
Dijkstra's Algorithm (Source: 0)
0 -> 0 : 0
0 -> 1 : 6
0 -> 2 : 8
0 -> 3 : 4
0 -> 4 : 3
0 -> 5 : 7
0 -> 6 : 3
0 -> 7 : 7
0 -> 8 : 5
0 -> 9 : 9
0 -> 10 : 9
0 -> 11 : 7
0 -> 12 : 5
0 -> 13 : 7
0 -> 14 : 6
0 -> 15 : 8
0 -> 16 : 7
0 -> 17 : 8
0 -> 18 : 9
0 -> 19 : 5
0 -> 20 : 6
0 -> 21 : 7
0 -> 22 : 2
0 -> 23 : 7
0 -> 24 : 8
0 -> 25 : 7
0 -> 26 : 6
0 -> 27 : 7
0 -> 28 : 7
0 -> 29 : 8
0 -> 30 : 8
0 -> 31 : 8
0 -> 32 : 5
0 -> 33 : 8
0 -> 34 : 7
0 -> 35 : 2
0 -> 36 : 7
0 -> 37 : 6
0 -> 38 : 4
0 -> 39 : 4
0 -> 40 : 8
0 -> 41 : 8
0 -> 42 : 8
0 -> 43 : 5
0 -> 44 : 5
0 -> 45 : 13
0 -> 46 : 7
0 -> 47 : 7
0 -> 48 : 6
0 -> 49 : 9
0 -> 50 : 7
0 -> 51 : 7
0 -> 52 : 8
0 -> 53 : 4
0 -> 54 : 9
0 -> 55 : 8
0 -> 56 : 7
0 -> 57 : 6
0 -> 58 : 3
0 -> 59 : 9
0 -> 60 : 6
0 -> 61 : 6
0 -> 62 : 6
0 -> 63 : 4
0 -> 64 : 6
0 -> 65 : 8
0 -> 66 : 7
0 -> 67 : 9
0 -> 68 : 11
0 -> 69 : 8
0 -> 70 : 4
0 -> 71 : 6
0 -> 72 : 6
0 -> 73 : 7
0 -> 74 : 8
0 -> 75 : 2
0 -> 76 : 5
0 -> 77 : 7
0 -> 78 : 10
0 -> 79 : 8
0 -> 80 : 8
0 -> 81 : 7
0 -> 82 : 7
0 -> 83 : 6
0 -> 84 : 8
0 -> 85 : 7
0 -> 86 : 6
0 -> 87 : 7
0 -> 88 : 5
0 -> 89 : 5
0 -> 90 : 6
0 -> 91 : 8
0 -> 92 : 9
0 -> 93 : 5
0 -> 94 : 8
0 -> 95 : 4
0 -> 96 : 6
0 -> 97 : 5
0 -> 98 : 4
Execution Time: 0.000000 seconds


Floyd-Warshall Algorithm (All-Pairs)
0 6 8 4 3 7 3 7 5 9 9 7 5 7 6 8 7 8 9 5 6 7 2 7 8 7 6 7 7 8 8 8 5 8 7 2 7 6 4 4 8 8 8 5 5 13 7 7 6 9 7 7 8 4 9 8 7 6 3 9 6 6 6 4 6 8 7 9 11 8 4 6 6 7 8 2 5 7 10 8 8 7 7 6 8 7 6 7 5 5 6 8 9 5 8 4 6 5 4 
6 0 3 6 5 4 6 3 5 5 6 3 6 4 2 6 8 8 7 6 3 5 6 7 4 4 1 5 4 6 6 9 5 3 5 2 4 6 4 6 6 4 5 7 2 10 4 8 5 3 3 5 5 7 5 6 5 5 5 6 4 6 5 7 6 3 1 3 10 6 4 7 5 6 5 5 5 7 6 3 6 8 6 5 4 2 6 4 6 3 5 4 5 3 5 8 5 6 6 
8 7 0 3 8 7 7 6 8 6 9 7 7 5 7 7 10 8 9 8 6 6 9 7 7 9 7 9 7 9 10 9 5 6 8 5 7 6 5 7 9 4 10 10 5 9 7 9 7 6 6 9 8 11 9 8 5 7 4 6 8 6 2 7 8 4 4 6 11 5 8 6 8 8 8 9 8 6 5 6 8 6 3 6 8 8 7 7 5 4 7 3 8 6 8 9 4 4 7 
8 10 10 0 7 10 10 3 5 9 8 7 4 5 8 10 11 10 9 10 8 7 6 11 8 9 7 9 8 10 8 12 9 11 6 10 7 7 8 7 7 7 10 9 7 13 7 11 7 11 9 7 9 11 9 6 9 7 7 10 8 9 11 9 5 7 9 11 9 9 8 10 8 5 7 9 9 3 10 7 11 3 9 6 8 7 5 6 5 7 7 8 11 6 8 8 9 10 8 
5 4 7 7 0 8 8 6 7 8 6 6 5 7 5 8 8 10 7 4 5 7 7 8 7 4 4 5 7 6 6 5 5 5 6 6 5 5 6 1 7 7 5 2 4 13 6 4 4 7 6 5 9 4 7 5 5 6 6 7 4 7 9 7 9 7 5 7 8 6 5 9 5 4 7 7 3 7 9 7 6 10 8 8 6 5 7 6 2 5 5 7 7 3 7 9 8 8 7 
6 6 7 6 8 0 8 9 6 8 5 6 6 6 5 7 10 8 3 5 7 6 8 6 5 7 7 7 5 8 8 8 8 7 3 6 7 6 6 5 4 4 8 5 6 10 8 7 5 7 6 8 1 7 8 6 5 6 5 7 4 8 7 4 2 7 5 7 10 6 7 7 6 6 5 8 5 7 6 4 8 9 8 7 7 5 6 7 6 4 6 4 9 6 9 9 5 7 9 
8 8 6 7 4 9 0 5 2 7 6 5 5 6 4 5 10 10 6 7 7 4 10 6 6 6 3 7 6 8 5 8 6 8 4 7 4 4 6 5 5 5 7 6 6 10 6 8 8 8 5 4 6 8 6 6 6 4 6 7 5 7 3 6 8 5 6 8 10 6 5 8 8 7 8 7 7 7 7 5 8 7 4 3 5 4 7 5 6 2 5 5 10 2 9 7 6 5 6 
8 8 8 8 7 10 7 0 4 6 8 4 7 9 7 8 10 10 9 8 5 7 10 8 7 8 6 9 5 8 7 11 6 9 7 9 6 7 6 6 5 5 9 9 4 12 4 10 11 10 8 6 8 8 6 8 8 6 7 9 7 6 9 8 8 9 8 10 12 10 5 10 9 9 7 6 8 8 9 8 8 10 9 10 5 4 7 3 9 5 8 7 8 5 7 10 8 8 7 
8 7 6 5 5 7 7 6 0 6 9 4 3 6 7 9 10 8 10 5 6 6 9 8 7 8 7 9 8 9 3 9 6 6 8 5 8 7 5 6 8 5 9 7 5 8 7 9 7 6 8 2 4 7 6 9 8 6 4 9 7 7 8 4 9 9 4 6 10 10 5 6 8 6 8 6 8 8 5 6 8 8 9 7 5 8 7 7 5 6 6 3 8 6 7 11 4 9 7 
8 6 8 7 3 4 3 7 5 0 4 4 7 4 1 6 7 5 7 5 3 5 9 8 5 6 5 5 3 6 7 8 5 6 5 7 3 5 6 4 6 3 7 5 2 11 4 7 7 8 2 6 5 6 6 5 5 6 6 6 4 7 6 7 5 3 6 6 10 6 5 8 7 6 2 6 6 7 7 6 5 8 7 5 5 6 3 6 5 3 3 5 6 4 5 8 6 6 1 
8 6 6 7 4 8 3 5 5 7 0 5 8 1 4 5 7 10 5 6 6 4 9 7 8 6 3 7 3 8 7 8 5 9 6 8 3 3 5 3 5 3 7 6 5 11 5 8 8 9 2 7 9 8 6 1 5 3 6 6 4 6 6 7 5 6 7 9 10 8 4 9 7 6 7 7 5 6 8 7 8 10 6 2 5 4 6 4 6 2 5 6 9 2 8 7 7 4 5 
4 4 7 4 5 6 3 7 5 2 6 0 3 6 3 6 9 7 9 5 5 5 6 4 7 8 5 7 4 8 3 7 2 6 7 6 5 4 2 5 4 5 9 7 4 13 6 6 8 7 4 2 6 4 2 5 7 2 3 7 6 3 6 4 7 5 5 7 10 8 1 6 9 6 4 2 7 7 7 7 7 7 7 6 1 6 3 5 6 3 5 7 8 5 7 8 8 5 3 
10 9 10 7 5 11 7 7 8 9 10 7 0 9 6 10 8 12 10 8 7 9 11 9 9 5 5 6 8 7 8 9 7 9 9 10 8 6 7 6 10 8 6 7 6 14 8 8 9 11 7 9 11 8 9 6 8 9 6 8 9 8 10 7 10 8 9 11 11 7 6 11 6 9 9 6 8 8 10 10 10 10 11 10 8 6 8 7 7 7 3 8 10 7 4 12 9 9 8 
7 5 8 7 6 7 8 8 4 7 7 5 7 0 4 8 6 9 4 5 5 7 8 6 7 6 6 7 6 8 7 9 4 8 5 7 2 2 5 2 4 5 7 8 4 10 4 8 10 8 5 6 8 7 5 4 4 2 6 5 3 5 8 8 7 6 6 8 9 8 3 8 6 5 6 7 4 5 8 6 7 9 7 1 4 4 5 3 8 5 6 6 8 5 7 10 7 8 4 
8 5 7 6 7 8 6 8 6 4 5 7 8 3 0 6 6 9 7 4 7 5 8 8 7 6 6 7 2 8 6 9 7 7 5 6 2 4 6 5 6 2 7 9 6 10 5 9 7 7 1 8 9 7 6 4 4 5 5 5 3 8 8 8 4 2 5 7 9 8 6 7 6 5 6 9 7 7 6 6 4 9 7 4 7 6 5 5 6 3 6 4 8 5 7 8 5 6 5 
5 9 10 7 8 10 8 10 8 9 7 10 5 6 8 0 12 6 10 8 9 8 7 9 7 5 8 6 9 7 7 12 7 9 5 7 7 8 7 7 6 6 6 9 9 14 10 11 4 10 9 10 9 5 9 8 8 8 6 8 8 7 10 8 4 7 9 11 11 7 6 4 5 10 8 7 9 4 10 6 10 10 6 7 8 9 5 9 10 6 7 8 8 9 9 2 9 7 9 
7 4 6 7 4 5 6 3 2 5 7 3 2 5 2 5 0 9 5 4 4 4 8 7 6 4 1 5 4 6 5 7 5 7 6 6 4 6 5 1 7 4 5 6 3 10 5 8 8 6 3 4 6 1 5 5 6 5 6 7 5 6 8 6 6 4 5 7 10 6 4 8 8 7 6 5 3 7 7 7 4 9 6 6 4 2 6 6 6 2 4 5 7 3 6 7 6 5 2 
7 6 5 4 6 6 5 7 7 6 2 5 7 3 5 7 9 0 7 7 5 6 7 5 6 8 5 8 5 8 8 8 4 5 7 4 5 5 4 5 7 4 7 8 4 8 6 8 6 5 4 7 7 9 7 3 7 5 3 4 6 5 7 6 7 7 3 5 12 3 3 5 7 8 7 7 7 4 4 5 7 7 8 4 6 4 1 6 4 4 6 2 7 4 7 9 3 6 7 
9 3 6 8 6 7 6 6 6 8 4 6 7 5 5 9 9 5 0 9 6 8 9 9 7 7 4 8 2 9 6 11 7 6 8 5 6 4 7 7 7 6 8 8 5 13 5 10 8 6 5 8 8 10 8 5 8 5 7 8 7 8 4 8 8 6 4 6 13 7 7 10 8 9 2 8 2 7 9 6 9 8 5 6 7 5 3 5 8 6 4 7 8 4 8 11 7 6 9 
10 6 9 10 10 10 9 9 10 8 7 6 9 8 8 10 12 11 8 0 7 9 11 9 9 10 7 11 10 10 9 6 5 9 7 8 10 8 8 9 8 9 11 12 6 14 8 5 11 9 9 8 11 10 8 8 11 8 9 8 10 9 9 10 11 9 7 9 15 7 7 9 10 12 9 8 5 8 12 8 12 12 10 9 7 8 7 9 12 7 7 10 7 9 9 12 11 10 9 
5 5 8 5 3 7 4 5 6 3 7 1 4 7 4 7 10 8 6 6 0 6 7 5 2 3 3 4 4 5 4 7 3 7 7 7 3 4 3 4 5 2 4 5 5 14 1 6 7 8 3 3 7 5 3 4 5 3 4 6 4 4 4 5 6 6 6 8 9 5 2 7 4 6 5 3 6 6 8 8 8 8 5 7 2 4 4 5 5 4 6 8 9 5 2 9 7 6 4 
9 8 9 8 7 10 8 9 8 7 8 5 8 9 8 7 6 9 9 6 4 0 11 9 6 7 7 8 8 7 8 10 6 9 6 8 7 7 7 7 7 6 8 8 3 12 5 10 8 9 7 7 11 7 7 8 9 7 7 10 8 8 8 5 10 9 7 9 12 9 6 9 8 10 6 7 9 10 8 7 10 9 8 6 6 8 7 8 8 4 1 6 7 8 6 9 7 7 8 
5 4 7 7 1 8 6 7 6 9 7 7 5 8 5 6 6 6 8 5 6 5 0 7 7 5 5 6 7 7 7 6 5 6 5 6 6 4 2 2 6 6 6 3 5 14 6 5 4 7 6 6 9 5 8 6 6 7 6 8 5 6 9 8 4 7 5 7 9 7 4 4 5 5 8 5 4 7 10 6 6 10 6 8 7 6 5 5 3 3 6 8 8 4 8 2 9 6 7 
10 9 8 7 8 9 9 9 8 8 9 6 8 8 6 8 6 10 8 6 5 7 11 0 7 8 7 9 8 8 9 11 7 8 7 7 8 9 7 7 8 7 9 8 4 9 6 10 9 8 7 8 2 7 8 9 6 8 6 11 5 9 9 5 8 8 6 8 11 10 7 8 8 7 7 8 9 10 7 8 9 10 9 9 7 8 8 9 7 5 1 5 8 8 7 10 6 8 8 
8 4 7 10 8 8 10 7 7 9 8 7 8 8 6 7 12 9 10 7 6 6 10 8 0 4 5 5 8 6 10 10 6 7 9 6 8 5 3 9 10 8 5 8 6 14 7 10 7 7 7 9 9 7 8 9 7 8 9 7 8 7 9 7 10 7 5 7 10 6 5 10 8 10 6 9 9 7 10 7 10 10 8 9 8 6 7 6 5 4 7 8 9 6 8 9 9 7 10 
6 4 7 6 5 6 6 5 5 7 7 5 4 5 3 7 8 8 9 3 4 6 6 4 6 0 3 1 4 2 8 7 2 4 8 6 5 5 5 6 6 4 1 4 6 13 5 6 6 7 4 7 6 3 4 5 3 4 5 3 6 3 7 3 7 5 5 6 6 2 1 6 7 6 7 5 8 3 8 7 6 7 8 6 6 4 3 5 7 4 5 7 8 5 6 8 8 7 7 
6 6 5 6 4 8 5 2 6 4 6 2 5 4 1 6 7 9 6 5 7 6 8 6 5 3 0 4 3 5 5 8 4 7 6 7 3 5 4 5 6 3 4 6 6 11 6 7 8 8 2 4 8 6 4 5 5 4 5 6 4 5 7 6 5 3 6 8 9 5 3 8 7 6 6 4 7 6 7 7 5 9 8 5 3 1 5 5 6 4 7 5 9 2 8 8 6 7 5 
5 6 7 5 6 5 5 4 5 6 7 4 6 4 3 8 8 9 8 2 4 7 5 3 6 3 2 0 5 1 7 6 5 3 7 7 5 4 4 6 5 3 4 3 5 12 5 5 5 9 4 6 5 5 3 5 6 3 4 2 6 6 8 6 7 5 7 9 9 1 4 9 6 5 6 4 7 2 9 8 6 8 8 5 5 3 6 4 8 5 4 7 8 4 6 7 8 7 6 
9 8 8 8 7 11 4 8 4 7 3 5 7 4 7 8 10 10 8 9 5 7 8 7 7 8 6 9 0 8 4 11 7 7 7 9 5 2 6 6 8 4 9 9 4 12 3 10 9 10 5 6 8 9 7 4 7 6 7 8 6 6 7 8 8 9 8 10 12 10 6 9 9 8 7 7 8 5 8 8 8 10 8 5 6 4 8 3 9 5 8 7 8 5 7 10 8 7 8 
5 6 6 7 5 4 6 3 6 5 6 3 5 5 2 7 8 10 7 5 3 7 7 5 5 2 1 3 4 0 6 5 4 5 6 7 4 5 5 5 4 4 3 2 4 12 4 4 4 9 3 5 5 4 5 6 5 2 6 5 5 5 7 5 6 4 7 8 8 4 3 8 5 4 7 5 7 5 8 7 6 9 8 6 4 2 5 6 7 5 6 6 7 3 5 9 7 8 6 
6 5 8 8 8 9 9 8 5 8 9 6 6 9 6 7 10 7 10 7 6 4 8 9 8 9 6 7 8 7 0 10 5 3 8 7 7 5 3 9 9 4 10 9 5 13 5 9 5 8 7 7 9 10 8 8 9 8 7 9 8 8 10 9 10 8 6 8 12 8 6 5 6 10 8 8 10 8 4 8 9 11 8 9 7 5 6 4 6 4 5 8 9 6 8 9 9 7 9 
4 6 5 4 6 10 7 5 4 7 8 5 6 4 7 8 8 9 8 7 5 7 5 3 6 6 6 7 7 8 7 0 7 3 7 6 6 2 4 6 7 3 7 8 4 12 4 10 5 9 8 6 5 8 2 5 8 6 3 2 7 6 7 8 8 7 7 9 10 1 6 9 6 9 6 6 8 2 9 8 6 7 8 5 6 4 7 3 8 5 4 7 8 5 7 7 8 8 7 
8 2 5 7 6 6 8 5 7 7 6 5 8 6 4 8 10 6 7 8 5 7 8 8 6 6 3 7 6 8 8 5 0 5 6 4 6 7 6 7 7 6 7 8 4 11 6 4 7 5 5 7 7 8 7 3 7 7 6 7 6 8 7 9 8 5 3 5 12 6 6 4 7 8 7 7 7 7 7 5 8 10 8 7 6 4 2 6 7 5 7 5 7 4 7 9 6 8 8 
3 3 6 5 5 7 6 6 2 5 7 3 3 7 4 5 8 8 7 4 3 4 5 6 5 6 4 4 6 5 5 8 4 0 5 5 4 3 1 6 6 3 7 7 2 10 2 8 2 6 5 4 6 7 5 6 6 5 4 6 5 5 7 6 8 6 4 6 10 5 3 8 3 7 5 5 8 6 7 6 6 8 6 8 4 2 5 1 7 2 5 5 6 3 5 7 6 5 6 
8 5 8 8 6 8 5 7 3 8 2 7 6 3 4 7 7 11 7 5 8 6 7 8 2 6 5 7 5 8 6 10 7 5 0 7 5 5 5 2 1 5 5 8 7 11 7 10 7 8 4 5 7 7 7 3 7 3 7 8 6 8 5 4 4 6 6 8 12 8 6 9 8 8 8 9 4 4 8 1 5 9 6 4 6 6 7 6 7 4 6 6 9 4 10 9 7 6 7 
10 4 7 10 8 8 9 7 9 8 9 6 9 8 6 8 10 10 9 10 5 7 10 10 7 8 5 9 8 8 9 11 7 7 7 0 7 7 8 9 8 6 9 10 4 14 5 11 9 7 7 8 9 10 8 8 9 6 9 10 8 9 9 9 10 7 5 7 13 10 7 11 9 10 7 8 3 10 10 7 10 10 9 6 7 6 8 8 10 5 5 8 8 7 7 10 9 8 7 
9 6 7 6 5 9 8 6 7 6 7 6 8 5 2 8 7 10 7 6 7 6 9 8 7 4 4 5 4 6 6 10 6 8 7 8 0 5 6 6 8 4 5 7 6 12 7 9 9 9 3 8 10 7 7 2 2 7 5 3 1 6 9 7 6 4 7 9 7 6 5 9 4 3 8 8 8 7 8 8 5 9 5 6 6 5 7 6 7 5 7 6 9 3 9 9 7 6 6 
7 6 6 7 5 9 6 6 2 5 7 3 5 5 5 6 8 8 7 7 3 5 6 5 5 6 4 7 5 6 5 9 5 8 5 7 4 0 4 6 6 3 7 7 2 10 2 8 9 8 6 4 6 7 5 6 6 5 6 7 5 4 7 6 9 7 6 8 11 8 4 8 7 7 5 5 8 3 7 6 6 8 7 6 4 2 6 1 7 3 6 5 6 3 5 8 6 6 6 
8 2 5 8 7 6 8 5 4 7 8 5 7 6 3 4 9 10 9 7 5 3 8 7 6 6 3 7 5 8 7 7 5 5 7 4 5 2 0 8 8 5 7 9 4 12 4 9 7 5 4 6 7 9 7 7 7 7 7 8 6 6 7 8 7 5 3 5 9 7 6 8 7 8 7 7 7 5 8 5 7 10 5 7 6 4 7 3 8 1 4 6 7 5 7 6 7 4 8 
9 3 6 9 7 7 9 6 7 8 9 6 9 7 4 9 9 11 6 3 6 8 9 10 7 7 4 8 6 9 9 9 8 6 8 5 6 8 7 0 7 6 8 9 5 13 7 8 8 6 5 8 8 10 8 4 8 5 8 9 7 9 8 8 8 6 4 6 13 9 7 10 8 9 8 8 2 10 9 6 8 11 9 8 7 5 9 6 9 6 4 7 8 5 8 11 8 9 9 
7 4 7 7 7 7 9 7 2 7 6 6 5 5 3 8 9 10 7 4 7 7 6 9 6 8 5 8 5 9 5 10 8 4 4 6 5 7 5 1 0 5 9 9 6 10 6 9 6 7 4 4 6 9 8 5 7 6 6 8 6 9 9 6 3 5 5 7 12 7 7 8 7 8 7 8 3 3 7 5 7 10 9 6 7 6 6 5 7 5 5 5 9 6 9 8 6 8 8 
9 6 8 4 7 10 8 7 4 7 9 5 7 7 6 8 10 10 9 9 5 7 8 7 7 8 6 9 7 8 7 11 7 9 7 8 6 2 4 8 8 0 9 9 4 12 4 10 11 9 7 6 8 9 7 8 8 7 3 9 7 6 9 8 9 8 7 9 13 10 6 10 9 9 7 7 10 5 9 8 8 7 9 8 6 4 8 3 9 5 8 7 8 5 7 10 8 8 8 
9 6 9 8 8 9 9 9 9 10 8 8 3 8 8 10 7 11 8 3 7 6 9 6 9 6 7 7 8 8 11 7 7 7 8 8 6 7 8 7 7 8 0 4 6 12 8 6 8 7 7 10 8 2 7 8 2 8 7 9 7 9 6 2 10 8 7 5 10 8 7 9 9 6 9 8 8 9 8 9 5 10 7 9 7 8 9 8 8 7 4 6 7 9 7 11 7 8 6 
6 5 7 7 6 8 7 6 5 6 4 4 3 5 5 6 10 8 5 5 3 5 8 6 5 2 4 3 6 4 7 3 3 3 4 7 6 3 4 3 5 5 3 0 2 11 4 2 5 7 6 6 8 2 5 5 5 6 6 5 7 5 7 5 8 7 6 8 6 4 3 7 6 2 5 6 5 5 8 5 8 8 7 6 5 5 5 4 8 3 6 8 5 6 5 8 9 6 7 
6 5 8 6 4 7 5 6 6 4 5 2 5 6 5 4 9 6 7 7 1 3 8 6 3 4 4 5 5 4 5 7 3 8 3 7 4 5 4 5 4 3 5 6 0 14 2 7 8 8 4 4 8 6 4 5 6 4 5 7 5 5 5 6 7 6 6 8 9 6 3 7 5 7 3 4 6 7 9 4 8 6 5 7 3 5 4 6 6 1 4 8 4 5 3 6 8 4 5 
8 6 8 8 6 8 8 7 7 9 9 7 9 4 5 11 10 7 8 5 7 10 8 6 9 6 5 3 6 4 10 9 4 6 9 8 6 6 7 6 8 5 7 6 8 0 8 8 8 9 6 9 8 8 6 7 8 6 7 5 7 5 10 9 9 7 7 9 12 4 3 5 9 8 9 7 8 5 4 9 9 9 11 5 7 6 5 7 8 8 7 8 11 4 9 10 9 10 8 
10 7 9 5 7 11 9 8 5 8 9 6 8 7 4 9 9 11 9 8 6 8 9 8 8 6 6 7 6 8 8 12 8 9 8 9 2 3 5 8 9 1 7 9 5 13 0 11 11 10 5 7 9 9 8 4 4 8 4 5 3 7 10 9 8 6 8 10 9 7 7 11 6 5 8 8 10 6 10 9 7 8 7 8 7 5 9 4 9 6 9 8 9 5 8 11 9 8 8 
5 6 6 5 6 10 5 6 5 8 2 6 7 3 6 7 9 8 3 7 6 6 6 4 4 7 5 8 5 7 8 1 6 4 2 7 5 3 5 4 3 4 7 8 5 9 5 0 6 9 4 7 6 9 3 3 7 5 4 3 6 7 7 6 6 8 7 9 11 2 6 10 7 8 5 7 5 3 10 3 7 8 8 4 7 5 6 4 8 4 5 8 9 4 8 8 9 5 7 
1 5 8 3 4 7 4 6 6 6 9 6 1 5 5 7 8 9 9 4 6 6 3 5 8 5 4 2 7 3 3 8 6 5 8 3 7 5 3 5 7 5 6 5 6 10 7 7 0 8 6 8 7 5 5 7 8 5 2 4 7 3 7 5 7 4 6 8 11 3 5 7 1 7 8 3 6 4 7 8 8 6 8 6 7 5 7 6 6 4 4 9 10 5 5 5 7 6 5 
8 7 10 9 4 11 8 10 4 9 7 8 7 8 5 9 9 9 11 8 9 8 3 10 3 7 8 8 4 9 7 9 8 9 8 9 7 6 5 5 9 7 8 6 8 12 7 8 7 0 6 6 8 8 10 8 5 10 8 10 4 9 11 8 7 7 8 10 10 9 7 7 7 6 9 8 7 9 9 9 8 12 9 9 9 8 8 7 6 6 9 7 11 7 11 5 8 9 9 
7 7 8 5 6 9 5 7 5 7 4 6 7 5 3 8 8 10 8 7 6 7 9 8 6 5 5 6 1 7 5 11 7 8 4 9 1 3 5 6 5 1 6 8 5 13 4 10 6 10 0 7 9 8 8 3 3 7 4 4 2 7 8 8 3 5 8 10 8 7 6 10 5 4 7 8 8 6 9 5 6 8 6 6 7 5 4 4 8 5 8 7 9 4 8 10 8 7 7 
7 6 9 8 6 10 8 8 6 9 10 7 1 10 7 8 9 8 8 3 7 4 9 6 9 6 6 7 9 8 1 8 6 4 9 8 6 6 4 7 7 5 7 8 6 11 6 8 6 9 8 0 8 5 8 7 8 6 7 9 7 9 11 2 10 9 7 9 8 8 7 6 7 4 9 7 6 9 5 9 10 11 9 5 7 6 7 5 7 5 4 9 10 7 5 10 10 8 8 
8 7 6 5 8 7 8 8 8 8 9 7 8 6 4 9 9 8 10 4 6 8 9 7 7 9 7 7 6 8 8 9 7 6 7 5 6 7 5 8 8 5 10 10 5 9 7 9 7 6 5 9 0 10 9 8 4 8 4 9 3 8 8 3 6 6 4 6 9 8 8 6 6 5 8 9 8 8 5 6 7 8 9 7 8 8 7 7 5 6 5 3 8 6 8 11 4 6 8 
11 10 11 8 6 12 8 8 9 10 9 8 1 6 7 11 9 13 10 9 8 10 8 10 8 6 6 7 9 8 9 8 8 8 9 11 8 7 8 7 10 9 6 5 7 15 9 7 10 5 8 10 12 0 10 7 8 8 7 9 9 9 11 8 11 9 10 11 11 8 7 12 7 7 10 7 9 9 11 10 11 11 12 7 9 7 9 8 8 8 4 9 10 8 5 10 10 10 9 
2 4 7 2 5 8 5 5 6 9 8 7 6 7 5 6 9 9 11 7 7 5 4 9 8 8 5 9 7 10 9 9 7 7 8 4 7 4 2 6 9 7 9 7 6 14 6 9 8 7 6 8 9 6 0 8 9 8 1 10 8 8 8 6 7 7 5 7 11 9 6 8 8 7 6 4 7 5 10 7 9 5 7 8 8 6 7 5 7 3 6 8 9 7 9 6 8 6 6 
7 7 5 7 3 9 7 4 8 6 8 4 7 6 3 8 9 10 5 7 8 8 9 8 7 5 2 6 5 7 7 8 6 8 7 7 3 7 5 4 7 5 6 5 7 11 8 7 7 8 4 6 10 7 5 0 5 5 6 6 4 7 7 6 7 5 6 8 10 7 5 8 7 6 7 6 6 8 7 8 7 10 8 7 4 3 7 7 5 6 8 5 10 1 10 10 6 9 6 
7 4 7 7 8 8 9 7 7 8 9 6 7 8 6 8 5 10 6 9 5 4 7 10 7 8 5 9 8 8 9 9 7 7 7 6 4 9 7 6 8 7 9 10 4 14 6 11 9 7 7 8 8 6 5 6 0 8 6 7 5 9 9 9 10 7 5 7 11 10 7 11 8 7 7 8 8 10 10 7 3 10 9 9 7 6 8 8 10 5 5 8 7 7 7 9 9 8 7 
9 6 9 9 6 9 11 9 4 9 8 8 7 7 5 10 11 12 9 6 9 9 8 8 8 10 7 10 7 11 7 11 6 6 6 8 7 9 7 3 2 7 11 8 8 12 8 10 8 9 6 6 8 10 10 7 9 0 8 10 8 7 11 8 5 7 7 9 14 9 5 10 9 10 9 10 5 5 9 7 9 11 11 8 9 8 7 7 6 7 7 7 11 7 11 10 8 10 10 
9 3 6 1 8 7 9 4 5 8 9 6 5 6 4 5 10 11 10 8 6 4 7 8 7 7 4 8 6 9 8 8 6 6 7 5 6 3 1 8 8 6 8 10 5 13 5 10 8 6 5 7 8 10 8 7 8 8 0 9 7 7 8 9 6 6 4 6 10 8 7 9 8 6 8 8 8 4 9 6 8 4 6 7 7 5 6 4 6 2 5 7 8 6 8 7 8 5 9 
8 5 8 3 7 9 8 6 4 7 9 5 7 7 7 8 6 10 9 8 5 5 8 7 4 8 6 6 7 7 7 10 7 8 7 7 5 2 5 6 5 5 9 9 4 12 4 10 8 8 8 6 8 7 6 7 7 7 6 0 6 6 9 8 6 8 6 8 8 7 6 8 5 8 7 7 8 5 9 8 4 6 9 8 6 4 8 3 8 5 6 7 8 5 7 6 8 8 8 
8 5 7 5 6 8 7 8 7 5 6 7 8 4 1 7 6 10 7 5 6 5 8 7 8 7 6 4 3 5 5 9 8 7 6 7 3 5 5 6 7 3 8 7 5 11 6 9 8 8 2 9 9 7 6 5 1 6 4 6 0 5 9 9 5 3 6 8 6 5 7 8 3 2 7 8 8 6 7 7 4 8 8 5 8 7 6 6 7 4 6 5 8 6 8 9 6 7 5 
8 6 6 8 3 10 8 5 8 7 7 5 5 7 4 8 8 11 6 7 8 7 10 9 8 6 3 7 6 8 8 8 7 8 8 4 4 6 4 4 8 6 7 5 7 12 8 7 7 9 5 7 11 7 6 6 6 6 7 7 5 0 8 9 8 6 7 9 11 8 6 9 8 7 8 7 6 9 8 9 8 4 9 8 5 4 8 7 5 5 8 6 10 2 9 10 7 8 7 
6 5 5 6 7 8 7 5 6 4 8 6 5 3 5 5 9 9 7 8 5 4 7 5 6 8 6 9 7 8 9 8 3 5 7 7 5 4 6 5 7 2 9 9 4 13 6 7 7 8 6 8 7 10 8 6 7 5 5 4 6 8 0 9 9 2 6 8 9 3 6 7 8 8 6 8 7 4 10 8 8 4 1 4 7 6 5 5 6 2 5 8 8 7 7 7 3 2 5 
7 7 10 8 9 10 10 9 7 9 8 7 7 9 8 9 7 10 9 1 6 8 9 4 8 9 7 8 10 9 9 6 6 9 8 9 9 8 6 6 5 8 10 9 5 13 7 6 6 10 9 9 6 8 6 9 10 6 7 8 9 9 10 0 8 10 8 10 14 7 8 8 7 11 8 9 6 8 7 9 11 11 10 9 5 8 8 9 9 6 2 7 8 9 8 11 8 7 7 
4 6 9 6 7 9 6 8 4 9 3 7 4 4 5 5 8 11 8 6 7 4 6 6 3 7 6 5 6 6 6 8 6 6 1 6 6 4 6 3 2 2 6 8 6 12 6 10 3 9 5 6 8 8 6 4 8 4 5 5 7 6 6 5 0 7 7 9 10 4 7 9 4 9 9 6 5 5 8 2 6 9 6 5 5 6 8 5 8 2 5 7 10 5 8 7 8 5 7 
8 6 9 8 5 6 5 8 5 2 6 6 8 1 3 4 7 7 5 6 5 3 9 6 7 6 6 7 5 8 8 7 5 8 6 8 3 3 6 3 5 5 7 7 4 11 5 9 8 9 4 7 7 8 6 5 5 3 7 6 4 6 6 8 7 0 7 8 9 7 4 8 7 6 4 8 5 6 9 7 7 10 5 2 5 5 5 4 7 1 4 7 8 6 5 6 8 4 3 
5 5 2 5 5 3 6 7 4 5 5 3 5 6 6 5 9 7 6 6 2 4 5 7 3 5 5 6 5 5 6 8 4 2 4 1 5 5 3 6 5 4 6 7 1 9 3 8 4 2 4 5 4 7 5 6 7 4 4 5 6 6 4 6 5 6 0 2 10 7 4 6 5 8 4 5 4 8 5 2 7 7 5 7 4 4 5 3 5 2 4 3 4 5 4 7 4 5 6 
6 5 4 3 6 5 7 6 6 7 6 5 6 4 5 7 8 6 8 6 4 6 7 9 5 7 5 6 3 7 7 7 6 4 6 3 3 5 3 5 7 3 8 8 3 7 5 9 5 4 2 7 6 9 7 5 5 6 2 6 4 7 4 5 5 5 2 0 10 7 6 4 5 6 6 7 6 6 3 4 6 6 5 5 6 6 5 5 3 4 6 1 2 4 6 9 2 6 8 
9 8 1 4 9 8 8 7 7 7 6 8 8 6 8 8 10 5 9 9 7 7 10 8 4 8 8 9 8 10 10 10 6 7 9 6 6 5 6 8 7 3 7 11 6 10 7 10 8 7 7 9 9 9 10 7 6 5 5 7 7 7 3 8 9 5 5 7 0 6 8 3 9 9 9 10 9 7 2 3 8 7 4 7 9 7 4 6 6 5 8 4 9 7 9 8 5 5 8 
5 5 8 4 5 9 8 4 4 7 7 5 5 3 6 7 7 8 7 6 5 6 4 2 5 8 6 6 8 7 7 10 6 2 7 7 5 3 3 5 6 2 9 7 4 11 4 9 4 8 7 6 4 8 7 4 7 5 5 1 6 7 9 7 7 6 6 8 9 0 5 8 5 8 5 7 7 1 9 8 5 7 7 4 6 4 6 3 7 4 3 7 8 5 7 6 8 7 6 
9 3 6 8 5 7 7 6 4 6 6 6 7 5 2 8 8 7 8 6 6 7 9 3 7 7 4 8 3 9 7 6 1 6 7 5 4 5 6 6 8 4 8 7 5 12 6 5 8 6 3 6 5 9 8 4 6 7 7 7 5 2 8 8 6 4 4 6 11 7 0 5 8 7 8 8 8 8 8 6 6 6 9 6 7 5 2 6 7 5 4 6 8 4 8 10 7 8 7 
8 8 7 6 8 6 7 7 7 8 4 6 7 5 5 7 10 2 7 9 7 6 9 7 8 7 7 8 7 9 9 10 6 7 8 6 3 5 6 7 7 6 8 10 6 10 7 10 7 7 6 8 7 8 8 5 5 5 5 6 4 7 9 8 7 7 5 7 10 5 5 0 7 6 9 8 9 6 6 7 8 6 8 4 7 5 1 6 6 4 7 4 9 6 9 5 5 7 7 
6 4 7 2 3 6 6 5 6 5 8 5 6 4 4 6 9 9 8 3 5 5 6 4 7 4 3 1 6 2 2 7 6 4 8 6 6 4 2 4 6 4 5 4 6 13 6 6 6 7 5 7 6 6 4 6 7 4 1 3 7 2 9 7 7 3 5 7 10 2 5 7 0 6 7 5 6 3 6 7 7 5 7 5 6 4 7 5 5 3 5 8 9 4 7 8 9 6 6 
11 12 5 7 12 12 12 10 11 11 10 9 11 10 12 12 10 9 13 13 11 11 11 10 8 12 11 12 12 13 12 7 10 10 8 10 10 9 10 10 9 7 11 14 10 14 11 14 10 11 11 11 12 11 9 11 10 9 9 9 11 11 7 12 7 9 9 11 4 8 10 7 11 0 12 11 12 8 6 7 12 10 8 11 10 11 8 10 10 9 11 8 13 11 13 12 9 9 10 
8 8 6 6 4 6 5 5 7 7 2 5 5 3 4 7 9 3 6 8 8 6 10 8 8 6 3 7 5 7 8 9 7 8 8 7 4 5 6 5 7 5 7 6 7 11 7 8 8 8 4 7 7 8 6 3 6 5 5 7 5 8 8 9 7 6 6 8 11 6 6 8 8 7 0 7 7 7 7 8 8 9 8 4 5 4 1 6 6 4 7 5 10 2 9 9 6 6 7 
9 5 7 8 4 5 1 6 3 7 7 5 3 5 4 6 9 9 7 7 4 5 10 5 6 7 4 8 5 7 6 8 3 8 5 7 5 5 7 5 6 6 8 6 3 11 5 7 8 7 5 5 6 2 7 6 5 4 7 8 4 4 4 7 7 6 6 7 10 7 2 7 7 6 6 0 7 8 8 6 8 8 5 4 6 5 4 6 6 3 4 6 7 3 6 8 7 3 2 
7 1 4 7 6 5 7 4 6 6 7 4 7 5 3 7 7 9 8 7 4 6 7 8 5 5 2 6 5 7 7 10 6 4 6 3 5 7 5 6 5 5 6 8 3 11 5 9 6 4 4 6 6 8 6 5 6 3 6 7 5 7 6 6 7 4 2 4 11 7 5 8 6 7 6 6 0 8 7 4 7 9 7 6 5 3 7 5 7 4 2 5 6 4 6 9 6 7 7 
8 7 10 5 4 8 7 8 6 7 6 7 8 2 6 9 8 7 6 7 7 8 3 8 9 8 7 9 8 10 9 9 6 9 7 9 4 4 5 4 6 7 9 6 6 12 6 8 7 10 7 8 9 8 7 6 6 4 4 7 5 7 10 10 7 5 8 10 11 8 5 7 8 7 4 8 6 0 10 8 9 8 6 3 6 6 5 5 6 6 7 8 10 6 9 5 9 7 5 
9 7 8 5 8 7 8 8 5 8 5 6 8 6 6 8 11 3 8 10 6 7 9 8 8 8 7 9 8 9 8 11 7 8 8 7 4 3 5 8 8 1 9 10 5 11 5 11 8 8 7 7 8 9 8 6 6 6 4 7 5 7 10 9 8 8 6 7 11 6 6 1 8 7 8 8 10 6 0 7 9 7 9 5 7 5 2 4 7 5 8 5 9 6 8 6 6 8 8 
9 5 8 9 7 9 6 8 6 8 3 8 7 4 7 8 7 10 6 7 7 6 9 9 1 5 6 6 6 7 9 11 7 8 8 7 6 6 4 5 4 6 4 8 7 14 8 10 8 8 5 8 10 6 7 4 6 2 8 8 7 8 4 6 7 6 6 8 11 7 6 11 9 9 7 10 7 7 11 0 5 8 5 5 8 7 8 7 6 5 7 9 9 5 9 10 7 6 8 
4 1 4 4 5 5 7 4 4 6 7 4 4 5 3 7 2 9 7 6 4 1 4 8 5 5 2 6 5 7 7 6 4 4 6 3 1 6 4 3 7 5 6 7 3 11 5 8 6 4 4 6 6 3 2 3 3 5 3 4 2 7 6 6 7 4 2 4 8 7 5 8 5 4 6 6 5 7 7 4 0 7 6 6 4 3 6 5 7 4 2 5 4 4 6 6 6 7 4 
5 8 7 7 5 10 8 1 5 6 9 5 1 5 5 8 9 11 7 8 6 4 7 9 8 6 4 6 6 7 7 9 7 8 8 7 5 7 7 5 4 5 7 7 5 13 4 9 4 10 6 7 9 9 7 6 7 7 6 8 6 7 9 8 7 4 8 10 11 7 6 10 5 8 8 7 7 7 9 9 9 0 8 6 6 5 8 4 2 5 4 7 9 3 5 9 8 8 7 
5 4 7 6 6 7 6 6 6 3 7 5 5 2 4 4 8 8 6 7 4 3 6 4 5 7 5 8 6 7 8 7 2 4 6 6 4 4 5 4 6 4 8 8 3 12 5 6 6 7 5 7 6 9 7 5 6 4 7 3 5 7 7 8 8 1 5 7 9 2 5 6 7 7 5 7 6 3 9 7 7 9 0 3 6 6 4 5 8 1 4 7 7 6 6 6 8 1 4 
6 5 7 6 5 6 7 7 3 6 7 4 6 6 3 7 8 8 3 6 4 6 7 5 6 5 5 6 5 7 6 8 3 7 6 7 1 1 4 3 3 4 6 7 3 11 3 7 9 8 4 5 7 8 4 3 3 1 5 4 2 4 7 7 6 5 6 8 8 7 2 7 5 4 5 6 5 4 8 7 6 8 6 0 3 3 4 2 7 4 5 6 7 4 6 9 7 7 3 
3 3 6 3 4 5 6 6 5 7 8 5 4 5 4 5 9 9 8 7 4 4 5 8 6 7 4 8 6 7 8 8 6 6 6 5 6 3 1 4 3 6 8 6 3 13 5 8 7 6 5 7 6 7 1 8 8 1 2 9 7 7 8 7 6 6 4 6 10 8 6 9 8 8 6 5 6 6 9 6 8 6 6 6 0 5 7 4 5 2 4 7 7 6 6 7 8 5 2 
5 5 4 5 3 7 4 4 5 3 7 1 4 6 3 7 9 8 5 6 6 6 7 5 4 5 2 6 5 7 4 7 3 7 7 7 3 5 3 4 5 5 6 5 5 11 6 6 7 8 4 3 7 5 3 5 5 3 4 6 4 4 6 5 7 5 6 8 10 7 2 7 7 6 5 3 6 8 7 8 7 8 7 7 2 0 4 6 5 4 6 5 9 1 8 9 6 6 4 
9 9 8 9 7 5 8 8 8 7 10 5 8 8 5 6 10 12 8 9 9 5 11 9 8 9 6 10 7 11 8 9 7 11 8 11 7 9 7 8 9 7 10 9 8 15 8 10 10 12 6 7 6 9 7 9 9 7 8 10 8 8 10 9 7 7 10 12 11 9 6 10 11 10 9 7 10 10 11 9 8 12 7 9 6 4 0 10 8 3 6 9 12 5 11 8 10 6 8 
6 5 5 6 4 8 5 5 1 4 6 2 4 7 4 5 7 7 6 6 2 4 8 6 4 5 3 6 6 5 4 8 4 7 4 6 3 4 3 5 5 2 6 6 1 9 1 7 8 7 5 3 5 6 4 5 5 4 5 6 4 5 6 5 8 6 5 7 10 7 3 7 6 6 4 4 7 7 6 5 5 7 6 8 3 1 5 0 6 2 5 4 5 2 4 7 5 5 5 
3 7 5 5 3 8 6 4 8 6 8 4 3 6 3 8 9 10 5 6 7 8 5 7 7 5 2 4 5 5 5 7 6 7 7 5 3 7 5 4 7 5 6 5 6 11 8 7 2 8 4 6 9 7 5 4 5 5 4 6 4 5 7 7 7 5 6 8 9 5 5 8 3 6 7 5 6 6 7 8 7 8 6 7 4 3 7 7 0 6 6 5 10 1 7 7 6 7 5 
8 6 9 10 9 10 10 9 10 7 10 7 8 6 8 3 8 9 10 8 6 2 10 8 7 8 7 9 10 9 10 6 4 8 8 8 8 8 9 8 9 8 9 10 5 14 7 8 7 9 9 9 10 8 8 7 10 8 9 7 9 10 10 7 7 5 7 9 8 6 8 7 8 11 8 9 10 7 10 9 11 11 4 7 8 8 6 9 10 0 3 8 9 8 8 5 9 3 8 
9 8 8 7 7 9 8 8 7 7 8 5 7 8 7 7 5 9 10 5 4 6 11 8 6 7 6 8 8 7 8 10 6 8 6 7 7 8 7 6 7 6 8 7 3 11 5 9 8 8 7 7 10 6 7 8 9 7 6 10 8 8 8 4 10 9 6 8 12 9 6 8 8 9 6 7 8 10 7 7 9 9 8 9 6 7 7 9 7 4 0 5 7 8 6 9 6 7 7 
5 4 3 2 5 4 7 5 5 6 6 4 5 3 5 6 7 5 7 5 3 5 6 8 4 6 4 6 6 6 7 6 5 3 5 2 5 4 2 5 6 2 7 7 2 6 4 8 4 3 5 6 5 8 6 6 7 5 1 6 6 7 5 4 6 7 1 3 11 7 5 3 5 7 5 6 5 5 2 3 5 5 6 4 5 5 4 4 2 3 5 0 5 3 5 8 1 6 7 
8 6 7 5 6 3 8 7 8 5 8 8 7 4 6 7 10 10 6 6 7 6 9 7 8 6 6 4 8 5 5 10 5 7 6 8 6 6 5 6 7 4 7 7 6 13 4 9 8 9 7 10 4 9 7 8 6 6 4 6 5 5 2 7 5 3 7 9 11 5 7 9 3 7 7 8 8 6 9 7 9 6 3 5 8 7 7 7 8 4 7 7 0 7 8 9 5 4 6 
6 6 4 6 2 8 6 3 7 5 7 3 6 5 2 7 8 9 4 6 7 7 8 7 6 4 1 5 4 6 6 7 5 7 6 6 2 6 4 3 6 4 5 4 6 10 7 6 6 7 3 5 9 6 4 4 4 4 5 5 3 6 6 7 6 4 5 7 9 6 4 7 6 5 6 5 5 7 6 7 6 9 7 6 3 2 6 6 4 5 7 4 9 0 9 9 5 8 5 
6 5 6 4 1 7 6 3 4 5 6 3 5 5 2 7 8 9 6 4 5 7 7 5 6 1 1 2 4 3 4 5 3 5 6 7 4 2 4 2 7 4 2 3 4 12 4 4 5 8 3 5 7 4 5 2 4 5 3 4 5 4 8 4 6 4 6 7 7 3 2 7 2 5 7 5 4 4 8 7 6 7 9 6 4 2 4 3 3 5 6 6 8 3 0 9 7 8 6 
3 7 9 5 6 8 6 8 6 7 5 8 3 6 6 6 10 4 9 6 7 6 5 7 5 3 6 4 7 5 5 10 5 7 3 5 5 6 5 5 4 4 4 7 7 12 8 9 2 8 7 8 9 3 7 6 6 6 4 6 6 5 8 6 2 5 7 9 9 5 4 2 3 8 9 5 7 6 8 4 8 8 4 6 6 7 3 7 8 4 5 6 6 7 7 0 7 5 7 
10 9 2 5 8 9 9 8 10 8 9 9 9 6 9 9 11 10 10 10 8 8 7 9 9 11 9 11 9 11 12 8 7 8 9 7 8 8 7 8 10 6 12 10 7 11 9 7 9 8 8 11 10 12 10 10 6 8 6 8 9 8 4 9 10 6 6 8 13 7 9 8 10 10 8 11 10 4 7 8 9 8 5 7 10 10 9 9 7 6 9 5 10 8 10 9 0 6 9 
9 3 6 8 7 7 9 6 8 8 7 6 9 7 5 9 11 7 8 9 6 8 9 9 4 7 4 8 7 9 9 6 1 6 7 5 7 8 7 8 8 7 8 9 5 12 7 5 8 6 6 8 8 9 8 4 8 8 7 8 7 9 8 8 9 6 4 6 13 7 7 5 8 9 8 8 8 8 8 6 9 11 9 8 7 5 3 7 8 6 8 6 8 5 8 10 7 0 9 
7 6 9 6 2 3 6 7 7 5 6 3 6 3 2 5 7 7 6 5 2 4 9 7 4 5 5 6 4 5 6 7 4 7 4 8 4 5 5 3 5 4 6 4 1 12 3 6 6 9 3 5 4 5 5 6 6 5 6 7 5 6 6 6 5 4 7 5 10 7 4 8 6 6 4 5 5 8 8 5 6 7 6 4 4 6 5 6 4 2 2 6 5 5 4 7 7 5 0 

Execution Time: 0.004000 seconds


Bellman-Ford Algorithm (Source: 22)
22 -> 0 : 5
22 -> 1 : 4
22 -> 2 : 7
22 -> 3 : 7
22 -> 4 : 1
22 -> 5 : 8
22 -> 6 : 6
22 -> 7 : 7
22 -> 8 : 6
22 -> 9 : 9
22 -> 10 : 7
22 -> 11 : 7
22 -> 12 : 5
22 -> 13 : 8
22 -> 14 : 5
22 -> 15 : 6
22 -> 16 : 6
22 -> 17 : 6
22 -> 18 : 8
22 -> 19 : 5
22 -> 20 : 6
22 -> 21 : 5
22 -> 22 : 0
22 -> 23 : 7
22 -> 24 : 7
22 -> 25 : 5
22 -> 26 : 5
22 -> 27 : 6
22 -> 28 : 7
22 -> 29 : 7
22 -> 30 : 7
22 -> 31 : 6
22 -> 32 : 5
22 -> 33 : 6
22 -> 34 : 5
22 -> 35 : 6
22 -> 36 : 6
22 -> 37 : 4
22 -> 38 : 2
22 -> 39 : 2
22 -> 40 : 6
22 -> 41 : 6
22 -> 42 : 6
22 -> 43 : 3
22 -> 44 : 5
22 -> 45 : 14
22 -> 46 : 6
22 -> 47 : 5
22 -> 48 : 4
22 -> 49 : 7
22 -> 50 : 6
22 -> 51 : 6
22 -> 52 : 9
22 -> 53 : 5
22 -> 54 : 8
22 -> 55 : 6
22 -> 56 : 6
22 -> 57 : 7
22 -> 58 : 6
22 -> 59 : 8
22 -> 60 : 5
22 -> 61 : 6
22 -> 62 : 9
22 -> 63 : 8
22 -> 64 : 4
22 -> 65 : 7
22 -> 66 : 5
22 -> 67 : 7
22 -> 68 : 9
22 -> 69 : 7
22 -> 70 : 4
22 -> 71 : 4
22 -> 72 : 5
22 -> 73 : 5
22 -> 74 : 8
22 -> 75 : 5
22 -> 76 : 4
22 -> 77 : 7
22 -> 78 : 10
22 -> 79 : 6
22 -> 80 : 6
22 -> 81 : 10
22 -> 82 : 6
22 -> 83 : 8
22 -> 84 : 7
22 -> 85 : 6
22 -> 86 : 5
22 -> 87 : 5
22 -> 88 : 3
22 -> 89 : 3
22 -> 90 : 6
22 -> 91 : 8
22 -> 92 : 8
22 -> 93 : 4
22 -> 94 : 8
22 -> 95 : 2
22 -> 96 : 9
22 -> 97 : 6
22 -> 98 : 7
Execution Time: 0.006000 seconds


Performance Comparison (Source vertex: 22)
Algorithm         Execution Time (seconds)
-----------------------------------------
Dijkstra          0.000000
Bellman-Ford      0.000000
Floyd-Warshall    0.000000


Dijkstra's Algorithm (Source: 1)
1 -> 0 : 13
1 -> 1 : 0
1 -> 2 : 12
1 -> 3 : 8
1 -> 4 : 6
1 -> 5 : 7
1 -> 6 : 13
Execution Time: 0.000000 seconds


Bellman-Ford Algorithm (Source: 0)
0 -> 0 : 0
0 -> 1 : 9
0 -> 2 : 2
0 -> 3 : 11
0 -> 4 : 14
0 -> 5 : 10
0 -> 6 : 15
Execution Time: 0.000000 seconds


Floyd-Warshall Algorithm (All-Pairs)
0 9 2 11 14 10 15 
13 0 12 8 6 7 13 
14 18 0 9 18 8 22 
11 16 4 0 9 10 13 
7 11 6 2 0 1 7 
6 10 5 1 10 0 14 
10 14 6 5 14 4 0 

Execution Time: 0.000000 seconds


Performance Comparison (Source vertex: 1)
Algorithm         Execution Time (seconds)
-----------------------------------------
Dijkstra          0.000000
Bellman-Ford      0.000000
Floyd-Warshall    0.000000

